 5   20.20818722   46.55925669  70  0  0   0
 2   30.86325116   42.4210676   90  0  0   0
 3   43.61357686   38.9299278   24  0  0   0
 4   35.00118717   36.98696184  15  0  0   0
 1   26.99611373   17.4952427   12  0  0   0
 6   46.18764943   42.83843589  18  0  0   0
 7   40.6920241    31.94898546  150 0  0   0
 8   32.50662006   10.62166377  50  0  0   0
 9   45.88614135   13.7874543   30  0  0   0
 10  24.72317638   30.59033166  168 0  0   0
 11  23.50924028   48.09930553  36  0  0   0
 12  34.75421424   43.72244785  44  0  0   0
 13  13.4758176    47.40048984  42  0  0   0
 14  25.01990127   48.9365234   13  0  0   0
 12  13.4758176    47.40048984  42  0  0   0
 13  25.01990127   48.9365234   13  0  0   0


