1       158
2       122
3       96
4       92
5       80
6       108
7       223
8       465
9       557
10      589
11      687
12      615
13      579
14      684
15      693
16      631
17      569
18      589
19      653
20      573
21      444
22      348
23      243
24      163
25      121
26      101
27      81
28      90
29      71
30      102
31      307
32      804
33      789
34      628
35      575
36      601
37      559
38      77
39      607
40      578
41      140
42      129
43      101
44      848
45      622
46      621
47      672
48      606
49      573
50      646
51      632
52      631
53      747
54      650
55      498
56      413
57      335
58      224
59      149
60      255
61      641
62      627
63      645
64      645
65      585
66      637
67      626
68      585
69      774
70      763
71      524
72      470
73      384
74      272
75      178
76      161
77      116
78      104
79      90
80      80
81      96
82      243
83      724
84      748
85      634
86      603
87      600
88      604
89      588
90      703
91      661
92      621
93      774
94      699
95      558
96      462
97      369
98      276
99      190
100     183
101     122
102     92
103     83
104     78
105     108
106     231
107     557
108     588
109     94
110     0
111     469
112     586
113     597
114     621
115     568
116     543
117     612
118     568
119     494
120     437
121     322
122     246
123     177
124     146
125     113
126     88
127     83
128     77
129     96
130     241
131     480
132     590
133     607
134     650
135     619
136     602
137     677
138     661
139     610
140     548
141     526
142     0
143     0
144     0
145     283
146     199
147     155
148     139
149     102
150     78
151     82
152     81
153     110
154     303
155     742
156     813
157     197
158     43
159     706
160     662
161     615
162     693
163     671
164     640
165     781
166     628
167     860
168     730
169     702
170     781
171     801
172     708
173     749
174     735
175     713
176     761
177     731
178     561
179     531
180     438
181     350
182     255
183     275
184     180
185     136
186     122
187     96
188     113
189     210
190     402
191     579
192     666
193     701
194     719
195     607
196     695
197     687
198     597
199     617
200     585
201     608
202     578
203     529
204     355
205     255
206     184
207     154
208     118
209     101
210     78
211     79
212     92
213     209
214     384
215     558
216     574
217     667
218     214
219     379
220     684
221     93
222     0
223     0
224     0
225     0
226     125
227     516
228     313
229     263
230     179
231     155
232     120
233     88
234     79
235     79
236     95
237     227
238     456
239     556
240     586
241     672
242     617
243     592
244     717
245     717
246     645
247     639
248     629
249     656
250     593
251     504
252     349
253     239
254     164
255     128
256     104
257     86
258     71
259     67
260     106
261     285
262     796
263     818
264     581
265     526
266     669
267     624
268     588
269     667
270     617
271     621
272     800
273     663